"","LA1_edulis","LA10_umbellifera","LA12_capitataESU2","LA13_cylindrica","LA17_NA","LA18_chartacea","LA19_venusta","LA2_heterophylla","LA20a_nobilis","LA20b_nobilis","LA22_bourgonii","LA23_alata","LA25_acreana","LA26_setosa","LA28_venusta","LA3_alba","LA31_spectabilis","LA32_brachystachys","LA33_capitataESU1","LA34_tenuistipula","LA35_capitataESU3","LA37_punctata","LA4_thibaudiana","LA41_NA","LA42_fosteriana?","LA43_marginata","LA44_suaveolens","LA45_sapindoides","LA46_tomentosa","LA48_NA","LA49_ruiziana","LA55_NA","LA59_coruscans","LA6_NA","LA60_laurina","LA7_leiocalycina","LA8_auristellae","LA9_poeppigiana"
"LA1_edulis",0.740432556711103,0.240855144799159,0.266960558355353,0.157284818614454,0.213941130203143,0.298455857731311,0.118230710099921,0.222915068535192,0.533258252957197,0.573739551929756,0.402570946010116,0.170609121693728,0.145903427870111,0.359063498852225,0.328391510392307,0.0647764525074246,0.34915170742148,0.35488629074618,0.254018186410159,0.560295919928721,0.266590603562922,0.328673667444577,0.298878082272242,0.434933529857765,0.606181477494798,0.185751742728104,0.325940854908713,0.0735920252922519,0.169347748026715,0.615057041110948,0.341119757459542,0.396376734961595,0.133943879568055,0.381755177398465,0.225360626019437,0.433598528101503,0.157007269260004,0.348856541252906
"LA10_umbellifera",0.240855144799159,0.830859464877693,0.19039629974673,0.125963513549968,0.156383772823561,0.150250124420021,0.0950228580226389,0.398611016707876,0.235780752296792,0.214427673549653,0.217567496411127,0.161917773997641,0.112321743797097,0.212514476718636,0.197943637795251,0.248782989051779,0.213883270870632,0.457988610670524,0.196179033860005,0.31365720246849,0.20254602829094,0.201205856878923,0.179988603287742,0.249634915256257,0.226401320136775,0.122386477483559,0.2204022770804,0.0674418583756225,0.136082897984315,0.244290114359679,0.202372837907617,0.227494823756485,0.101744470684173,0.227742411526897,0.409434498647716,0.243700685748029,0.125809243959783,0.200520614456773
"LA12_capitataESU2",0.266960558355353,0.19039629974673,0.860133260246596,0.113790480040116,0.204897866214674,0.111737205933548,0.0680125337926913,0.380491439438714,0.26192805384068,0.240625123575329,0.150568194986806,0.214742212088096,0.0784802843058473,0.307086557591131,0.388185872488978,0.0587596335748212,0.370478255792887,0.366216226053175,0.731517134643804,0.227884813594375,0.721088849095774,0.326838326069401,0.27518979153749,0.308071525454229,0.251585304852657,0.0853478949543358,0.207634260577768,0.0534121069765648,0.0898418884694439,0.256229715041219,0.358369464264137,0.355151477914257,0.0892861700427921,0.370334948364207,0.390686086235767,0.277602937624364,0.123219475461742,0.345236799290128
"LA13_cylindrica",0.157284818614454,0.125963513549968,0.113790480040116,0.804265444245716,0.11706576431904,0.191188953618228,0.182244637322726,0.130274271063932,0.10785751333986,0.108483466699076,0.175700566132436,0.25051859368333,0.227093361431974,0.213141810233975,0.195547389148206,0.100252493053864,0.219865005281848,0.16095872748494,0.123452711479573,0.117865442439136,0.126128056054172,0.188320039605013,0.180066101611624,0.13652054204349,0.122636902367315,0.232936422191579,0.130709607170888,0.134170075753616,0.197392985350018,0.121920124968449,0.194604335588931,0.227953749727414,0.37616314393925,0.213274461535755,0.137368720007744,0.128936368348426,0.267944392289931,0.218391100176197
"LA17_NA",0.213941130203143,0.156383772823561,0.204897866214674,0.11706576431904,0.8009705949831,0.106291263192646,0.0885712462276839,0.205937247400281,0.185352603225541,0.192331638530794,0.150637624116491,0.137637367170948,0.0993437366058731,0.256134952959148,0.241892828780735,0.0671009161876854,0.254249904615081,0.237045629029492,0.223564928793741,0.206692709530405,0.224462385222585,0.234000643458009,0.212447339459461,0.223162091082916,0.212312977570324,0.101744638234626,0.204565769609906,0.0701516069525202,0.117930980552305,0.210160345501096,0.248669280617827,0.266312930438837,0.0916524372969149,0.26078526603374,0.194659668327612,0.211164302288471,0.111250705396663,0.234055308310288
"LA18_chartacea",0.298455857731311,0.150250124420021,0.111737205933548,0.191188953618228,0.106291263192646,0.897962544115501,0.335068603919486,0.112248925146385,0.237866141574736,0.261420400774999,0.359150531083998,0.191016779050709,0.617875083421173,0.160587980867374,0.143652341463384,0.052769116435176,0.147724023947788,0.185804349713361,0.110794748398909,0.280966985394997,0.112376357549296,0.13901653131463,0.128350327668366,0.192017053327141,0.289365237842511,0.405688123615099,0.137356682283009,0.0776431278503579,0.580027462181642,0.263490271784219,0.154785624581955,0.171488507984147,0.195066478537737,0.158943337650218,0.118122803937298,0.194401771955938,0.613329050978168,0.137843617084209
"LA19_venusta",0.118230710099921,0.0950228580226389,0.0680125337926913,0.182244637322726,0.0885712462276839,0.335068603919486,0.906315498299454,0.0800050692200255,0.07787734147773,0.0876381610514764,0.2005787436145,0.173532783462408,0.328572410231527,0.133960356516805,0.110432467248543,0.0615756489172809,0.134297637309473,0.0911785088768182,0.0761916195623504,0.116769396479439,0.0757838615387412,0.128292247540753,0.113574884508091,0.103520658783184,0.115197367572429,0.336416484719806,0.100701318485585,0.126717476417833,0.367511970645764,0.0911136560347433,0.132448902416625,0.132443185812028,0.202431169084232,0.129246987949345,0.0829003293287142,0.106200642347032,0.331100760567342,0.104403379986891
"LA2_heterophylla",0.222915068535192,0.398611016707876,0.380491439438714,0.130274271063932,0.205937247400281,0.112248925146385,0.0800050692200255,0.85042427856151,0.19485082977314,0.185907584575456,0.166284539918296,0.202990253122537,0.0874080918986988,0.250731402433884,0.296105797225465,0.266974041747618,0.325539747531862,0.598803834903755,0.394135222884547,0.283893120487229,0.4310673184379,0.326802832167755,0.273144022271104,0.23629493867344,0.200374522758524,0.110462671108304,0.202307432402937,0.0673444526053626,0.112438280555705,0.222184442279669,0.273041425147757,0.291123675797573,0.105971374042872,0.337543586884171,0.745176940561194,0.214478839880443,0.133789029938957,0.269949478963129
"LA20a_nobilis",0.533258252957197,0.235780752296792,0.26192805384068,0.10785751333986,0.185352603225541,0.237866141574736,0.07787734147773,0.19485082977314,0.836068620545403,0.612810996170167,0.335875829933465,0.124987058075799,0.120026145652455,0.323763687957983,0.288020008852781,0.0460811329721781,0.303572026879701,0.321982998079915,0.235098845991565,0.557086047204212,0.273817385999886,0.262469074180533,0.249145804393828,0.356940416713623,0.572712433898903,0.136160752252478,0.235480079302874,0.0553526739808807,0.122207822199452,0.629945316246765,0.351898693927653,0.324953914370419,0.0944141183266544,0.318044349027648,0.193931482438433,0.347089445743208,0.115687213844234,0.288545021590004
"LA20b_nobilis",0.573739551929756,0.214427673549653,0.240625123575329,0.108483466699076,0.192331638530794,0.261420400774999,0.0876381610514764,0.185907584575456,0.612810996170167,0.75248224455172,0.365186499142824,0.121715145093405,0.112420115537538,0.341136216017902,0.28657020820012,0.0513393211535563,0.316130283578452,0.294209072973077,0.215533191989071,0.61180894836636,0.240465922445296,0.291149431071048,0.275408954529,0.371524625580197,0.644366405539936,0.156812477679318,0.265580222438812,0.066007875679809,0.130602642148289,0.638694962017348,0.345312741357218,0.322113248120834,0.101313484102421,0.327702958642,0.172441624777425,0.399001086778209,0.107917205860237,0.301546127342513
"LA22_bourgonii",0.402570946010116,0.217567496411127,0.150568194986806,0.175700566132436,0.150637624116491,0.359150531083998,0.2005787436145,0.166284539918296,0.335875829933465,0.365186499142824,0.836200432152778,0.175251375153523,0.20476498114106,0.22946316347545,0.197947113967747,0.0702215347577216,0.227701591878221,0.248829770353957,0.156017289016013,0.384951520999239,0.158085320592339,0.215285654716158,0.195865579733238,0.250084819168137,0.380481414407208,0.331923102016348,0.209863232328695,0.0859604969992857,0.245046781919626,0.372081894923972,0.218360976070861,0.239806633287468,0.161771119834592,0.23822357860243,0.174372542874486,0.263480705735773,0.227830966940054,0.201325665592349
"LA23_alata",0.170609121693728,0.161917773997641,0.214742212088096,0.25051859368333,0.137637367170948,0.191016779050709,0.173532783462408,0.202990253122537,0.124987058075799,0.121715145093405,0.175251375153523,0.869744831742449,0.187735732961502,0.211575250365666,0.229332569531379,0.0811499343997111,0.236307053988898,0.215355882284182,0.229243698347734,0.131780586828685,0.226974458943837,0.20471204187447,0.180441054898328,0.162983579020269,0.143790874455291,0.188109679919998,0.134472250837008,0.12145797238037,0.18941441499388,0.129385126140844,0.212047997167397,0.251411937830011,0.229403144351919,0.234011319137332,0.246182282523996,0.138638122850681,0.242798513305465,0.198343877427547
"LA25_acreana",0.145903427870111,0.112321743797097,0.0784802843058473,0.227093361431974,0.0993437366058731,0.617875083421173,0.328572410231527,0.0874080918986988,0.120026145652455,0.112420115537538,0.20476498114106,0.187735732961502,0.856008326545861,0.180018793957369,0.133569275326106,0.0610866189459864,0.143427681121031,0.115483142507325,0.0847359671126799,0.136221782268594,0.087441444440029,0.126776884571837,0.124170495996503,0.120694069437498,0.133354276604076,0.362172389672199,0.101722077305735,0.112527286227655,0.521364185953846,0.120004733673663,0.15802913830119,0.172707578134133,0.234441104556236,0.151747955368364,0.0927651261282344,0.111044273358321,0.592860262640402,0.140826767643741
"LA26_setosa",0.359063498852225,0.212514476718636,0.307086557591131,0.213141810233975,0.256134952959148,0.160587980867374,0.133960356516805,0.250731402433884,0.323763687957983,0.341136216017902,0.22946316347545,0.211575250365666,0.180018793957369,0.840149764070073,0.498970826544321,0.0784472697580631,0.558332327849226,0.308781328551814,0.318371506277672,0.351621039226594,0.336760839697795,0.453633606986819,0.484931121973338,0.340508279792045,0.375138395492956,0.161006156025806,0.299460292813904,0.106379617233778,0.182173731441243,0.306851716725669,0.56201161591432,0.63147200145004,0.17860028694283,0.53216053105987,0.249200456902066,0.315619537653595,0.21318324027574,0.499752751627373
"LA28_venusta",0.328391510392307,0.197943637795251,0.388185872488978,0.195547389148206,0.241892828780735,0.143652341463384,0.110432467248543,0.296105797225465,0.288020008852781,0.28657020820012,0.197947113967747,0.229332569531379,0.133569275326106,0.498970826544321,0.804559197923054,0.0658625054208922,0.60479325635923,0.338042431288388,0.363078542073323,0.295746090331208,0.402490133872286,0.467824179356128,0.445845018607435,0.326736986533672,0.329582892542456,0.122052358078251,0.25321815702371,0.0833293244994243,0.138113967010613,0.315027882423599,0.540665518816764,0.607478426700551,0.156199689676236,0.576961516702948,0.296673626411761,0.309003317930102,0.216453276395105,0.569159062689861
"LA3_alba",0.0647764525074246,0.248782989051779,0.0587596335748212,0.100252493053864,0.0671009161876854,0.052769116435176,0.0615756489172809,0.266974041747618,0.0460811329721781,0.0513393211535563,0.0702215347577216,0.0811499343997111,0.0610866189459864,0.0784472697580631,0.0658625054208922,0.795046841279997,0.0973821071510166,0.254066223597634,0.0965578811946409,0.133101110978022,0.0676755776242993,0.112047851598023,0.0976835360448298,0.0697130834978945,0.0606959340481432,0.106152781692192,0.0872978611783899,0.350812652186263,0.082867255124342,0.0645923711843127,0.0795006235667316,0.0795850576224542,0.109600381170989,0.0905459973059112,0.263704203179112,0.0742901698476049,0.0716797339726788,0.0720865992229528
"LA31_spectabilis",0.34915170742148,0.213883270870632,0.370478255792887,0.219865005281848,0.254249904615081,0.147724023947788,0.134297637309473,0.325539747531862,0.303572026879701,0.316130283578452,0.227701591878221,0.236307053988898,0.143427681121031,0.558332327849226,0.60479325635923,0.0973821071510166,0.809433501964517,0.345901929223148,0.355457445089163,0.325664526854716,0.400365649106519,0.565091300160489,0.51650579510672,0.373555218368945,0.364358321761811,0.160373773162259,0.327264531971416,0.121256048691785,0.175810457852951,0.322244132198906,0.571814186596071,0.62838996585961,0.196270518679029,0.627346666497532,0.319956449751574,0.36431422567387,0.220844743768019,0.568904457367396
"LA32_brachystachys",0.35488629074618,0.457988610670524,0.366216226053175,0.16095872748494,0.237045629029492,0.185804349713361,0.0911785088768182,0.598803834903755,0.321982998079915,0.294209072973077,0.248829770353957,0.215355882284182,0.115483142507325,0.308781328551814,0.338042431288388,0.254066223597634,0.345901929223148,0.874842247673153,0.341700761522331,0.404416626836086,0.369471138272731,0.309487138948554,0.280628017264017,0.347082764850121,0.331715183735064,0.133386385141042,0.262820932534413,0.0684323003328189,0.140015786549157,0.369556597681609,0.318199228034607,0.354857015395089,0.118310236620359,0.364723112596257,0.605708490655579,0.31586440456788,0.154461397302424,0.328675094005326
"LA33_capitataESU1",0.254018186410159,0.196179033860005,0.731517134643804,0.123452711479573,0.223564928793741,0.110794748398909,0.0761916195623504,0.394135222884547,0.235098845991565,0.215533191989071,0.156017289016013,0.229243698347734,0.0847359671126799,0.318371506277672,0.363078542073323,0.0965578811946409,0.355457445089163,0.341700761522331,0.875121177881047,0.221164132469684,0.695500975482365,0.313466793937689,0.262147362183331,0.282464414908474,0.22763969069024,0.0879172283083323,0.210265807215679,0.0816618868906297,0.0961513270116985,0.222627662713323,0.337754884902221,0.354813760142518,0.0948518232571004,0.350045642475723,0.413444673934509,0.246317206120829,0.130127882050937,0.302323005566478
"LA34_tenuistipula",0.560295919928721,0.31365720246849,0.227884813594375,0.117865442439136,0.206692709530405,0.280966985394997,0.116769396479439,0.283893120487229,0.557086047204212,0.61180894836636,0.384951520999239,0.131780586828685,0.136221782268594,0.351621039226594,0.295746090331208,0.133101110978022,0.325664526854716,0.404416626836086,0.221164132469684,0.862150195619687,0.245820072796083,0.282301671878586,0.268727286086495,0.347941106979393,0.620574684494622,0.162674836180863,0.249639438121281,0.0719357328947695,0.1411229019541,0.567299762482011,0.340570833756369,0.335453064767555,0.100241144563489,0.328575495941447,0.278058684056475,0.371448523127607,0.129929356472967,0.284758316112732
"LA35_capitataESU3",0.266590603562922,0.20254602829094,0.721088849095774,0.126128056054172,0.224462385222585,0.112376357549296,0.0757838615387412,0.4310673184379,0.273817385999886,0.240465922445296,0.158085320592339,0.226974458943837,0.087441444440029,0.336760839697795,0.402490133872286,0.0676755776242993,0.400365649106519,0.369471138272731,0.695500975482365,0.245820072796083,0.910267840346905,0.343602841598353,0.286766005985025,0.306644823937247,0.259574594285611,0.0918348702512566,0.228768363098989,0.0617073895151445,0.0999847120886094,0.247867390781196,0.377440014717478,0.387282398255003,0.096994162603497,0.397892730210231,0.439714703402414,0.267832770722972,0.134224692357413,0.327066672303764
"LA37_punctata",0.328673667444577,0.201205856878923,0.326838326069401,0.188320039605013,0.234000643458009,0.13901653131463,0.128292247540753,0.326802832167755,0.262469074180533,0.291149431071048,0.215285654716158,0.20471204187447,0.126776884571837,0.453633606986819,0.467824179356128,0.112047851598023,0.565091300160489,0.309487138948554,0.313466793937689,0.282301671878586,0.343602841598353,0.692852710648312,0.524461054237408,0.347466466200243,0.33846518973911,0.169816603702783,0.337734623116171,0.124216089077547,0.179812643013934,0.322746791048569,0.483320940510093,0.475614638592682,0.177582896153591,0.599405600426882,0.295605641934577,0.36457862168209,0.180193751621331,0.457928732792434
"LA4_thibaudiana",0.298878082272242,0.179988603287742,0.27518979153749,0.180066101611624,0.212447339459461,0.128350327668366,0.113574884508091,0.273144022271104,0.249145804393828,0.275408954529,0.195865579733238,0.180441054898328,0.124170495996503,0.484931121973338,0.445845018607435,0.0976835360448298,0.51650579510672,0.280628017264017,0.262147362183331,0.268727286086495,0.286766005985025,0.524461054237408,0.619532268020617,0.299606688614979,0.311301021827054,0.149532916368024,0.28954141345547,0.113382054600299,0.155517053748199,0.296387145939384,0.438158074212489,0.481534968780376,0.16955014348675,0.497807320315696,0.245365482264036,0.316789390839165,0.175379185717372,0.477065231853349
"LA41_NA",0.434933529857765,0.249634915256257,0.308071525454229,0.13652054204349,0.223162091082916,0.192017053327141,0.103520658783184,0.23629493867344,0.356940416713623,0.371524625580197,0.250084819168137,0.162983579020269,0.120694069437498,0.340508279792045,0.326736986533672,0.0697130834978945,0.373555218368945,0.347082764850121,0.282464414908474,0.347941106979393,0.306644823937247,0.347466466200243,0.299606688614979,0.844564518208781,0.416611281565504,0.138973746971114,0.431817126478468,0.0808881473030025,0.15002759009645,0.439460396117774,0.326777451245684,0.357078270481658,0.117528204433451,0.38416178072508,0.226656762005326,0.614681494946399,0.131857009187982,0.343493737410206
"LA42_fosteriana?",0.606181477494798,0.226401320136775,0.251585304852657,0.122636902367315,0.212312977570324,0.289365237842511,0.115197367572429,0.200374522758524,0.572712433898903,0.644366405539936,0.380481414407208,0.143790874455291,0.133354276604076,0.375138395492956,0.329582892542456,0.0606959340481432,0.364358321761811,0.331715183735064,0.22763969069024,0.620574684494622,0.259574594285611,0.33846518973911,0.311301021827054,0.416611281565504,0.847178567146965,0.176834959128471,0.31067314227041,0.0804437133342118,0.157603076581996,0.626263095284223,0.401672041599593,0.363227533227493,0.113632953558788,0.373626731844862,0.190338466857415,0.460031320585874,0.123140598087517,0.32676610170058
"LA43_marginata",0.185751742728104,0.122386477483559,0.0853478949543358,0.232936422191579,0.101744638234626,0.405688123615099,0.336416484719806,0.110462671108304,0.136160752252478,0.156812477679318,0.331923102016348,0.188109679919998,0.362172389672199,0.161006156025806,0.122052358078251,0.106152781692192,0.160373773162259,0.133386385141042,0.0879172283083323,0.162674836180863,0.0918348702512566,0.169816603702783,0.149532916368024,0.138973746971114,0.176834959128471,0.774717380210061,0.135806206052358,0.127647668987628,0.389144199568902,0.151464712508813,0.166161816302295,0.157955974317823,0.270983623785346,0.163762680320621,0.105619981328032,0.147127260721278,0.397847022863393,0.128612093187125
"LA44_suaveolens",0.325940854908713,0.2204022770804,0.207634260577768,0.130709607170888,0.204565769609906,0.137356682283009,0.100701318485585,0.202307432402937,0.235480079302874,0.265580222438812,0.209863232328695,0.134472250837008,0.101722077305735,0.299460292813904,0.25321815702371,0.0872978611783899,0.327264531971416,0.262820932534413,0.210265807215679,0.249639438121281,0.228768363098989,0.337734623116171,0.28954141345547,0.431817126478468,0.31067314227041,0.135806206052358,0.769878072047262,0.0907741067466467,0.154765257689151,0.350762471706306,0.246423848475155,0.305634405654404,0.108262402654596,0.314988143034495,0.190654537008307,0.440403721294464,0.107241589948275,0.27580221812552
"LA45_sapindoides",0.0735920252922519,0.0674418583756225,0.0534121069765648,0.134170075753616,0.0701516069525202,0.0776431278503579,0.126717476417833,0.0673444526053626,0.0553526739808807,0.066007875679809,0.0859604969992857,0.12145797238037,0.112527286227655,0.106379617233778,0.0833293244994243,0.350812652186263,0.121256048691785,0.0684323003328189,0.0816618868906297,0.0719357328947695,0.0617073895151445,0.124216089077547,0.113382054600299,0.0808881473030025,0.0804437133342118,0.127647668987628,0.0907741067466467,0.812563236631066,0.107361215064866,0.0613685551194697,0.0968480992315918,0.106710824462243,0.159643375099716,0.10299956440861,0.0709517354537935,0.0840785114249672,0.098909462924015,0.0884159310669211
"LA46_tomentosa",0.169347748026715,0.136082897984315,0.0898418884694439,0.197392985350018,0.117930980552305,0.580027462181642,0.367511970645764,0.112438280555705,0.122207822199452,0.130602642148289,0.245046781919626,0.18941441499388,0.521364185953846,0.182173731441243,0.138113967010613,0.082867255124342,0.175810457852951,0.140015786549157,0.0961513270116985,0.1411229019541,0.0999847120886094,0.179812643013934,0.155517053748199,0.15002759009645,0.157603076581996,0.389144199568902,0.154765257689151,0.107361215064866,0.847224081911385,0.143433427223998,0.184597726837489,0.179816699212975,0.222328952901031,0.17685553860779,0.113904400593562,0.156773969359391,0.568644212170852,0.137476106066463
"LA48_NA",0.615057041110948,0.244290114359679,0.256229715041219,0.121920124968449,0.210160345501096,0.263490271784219,0.0911136560347433,0.222184442279669,0.629945316246765,0.638694962017348,0.372081894923972,0.129385126140844,0.120004733673663,0.306851716725669,0.315027882423599,0.0645923711843127,0.322244132198906,0.369556597681609,0.222627662713323,0.567299762482011,0.247867390781196,0.322746791048569,0.296387145939384,0.439460396117774,0.626263095284223,0.151464712508813,0.350762471706306,0.0613685551194697,0.143433427223998,0.885096980768216,0.32164192374404,0.333158249945309,0.105500017350435,0.36098145950486,0.202019824649668,0.450076156971657,0.113376940665233,0.36386476961267
"LA49_ruiziana",0.341119757459542,0.202372837907617,0.358369464264137,0.194604335588931,0.248669280617827,0.154785624581955,0.132448902416625,0.273041425147757,0.351898693927653,0.345312741357218,0.218360976070861,0.212047997167397,0.15802913830119,0.56201161591432,0.540665518816764,0.0795006235667316,0.571814186596071,0.318199228034607,0.337754884902221,0.340570833756369,0.377440014717478,0.483320940510093,0.438158074212489,0.326777451245684,0.401672041599593,0.166161816302295,0.246423848475155,0.0968480992315918,0.184597726837489,0.32164192374404,0.79224158845383,0.562811933283567,0.179824911715878,0.557325803577234,0.275490007119332,0.33489666046606,0.196867011390338,0.514577407139313
"LA55_NA",0.396376734961595,0.227494823756485,0.355151477914257,0.227953749727414,0.266312930438837,0.171488507984147,0.132443185812028,0.291123675797573,0.324953914370419,0.322113248120834,0.239806633287468,0.251411937830011,0.172707578134133,0.63147200145004,0.607478426700551,0.0795850576224542,0.62838996585961,0.354857015395089,0.354813760142518,0.335453064767555,0.387282398255003,0.475614638592682,0.481534968780376,0.357078270481658,0.363227533227493,0.157955974317823,0.305634405654404,0.106710824462243,0.179816699212975,0.333158249945309,0.562811933283567,0.811537507049338,0.183571544213743,0.602994958118319,0.301166122588887,0.328570461608672,0.248663107897724,0.596672676617836
"LA59_coruscans",0.133943879568055,0.101744470684173,0.0892861700427921,0.37616314393925,0.0916524372969149,0.195066478537737,0.202431169084232,0.105971374042872,0.0944141183266544,0.101313484102421,0.161771119834592,0.229403144351919,0.234441104556236,0.17860028694283,0.156199689676236,0.109600381170989,0.196270518679029,0.118310236620359,0.0948518232571004,0.100241144563489,0.096994162603497,0.177582896153591,0.16955014348675,0.117528204433451,0.113632953558788,0.270983623785346,0.108262402654596,0.159643375099716,0.222328952901031,0.105500017350435,0.179824911715878,0.183571544213743,0.851224256668725,0.173134085603654,0.10597355421155,0.116567010923187,0.255303725369214,0.160298707142968
"LA6_NA",0.381755177398465,0.227742411526897,0.370334948364207,0.213274461535755,0.26078526603374,0.158943337650218,0.129246987949345,0.337543586884171,0.318044349027648,0.327702958642,0.23822357860243,0.234011319137332,0.151747955368364,0.53216053105987,0.576961516702948,0.0905459973059112,0.627346666497532,0.364723112596257,0.350045642475723,0.328575495941447,0.397892730210231,0.599405600426882,0.497807320315696,0.38416178072508,0.373626731844862,0.163762680320621,0.314988143034495,0.10299956440861,0.17685553860779,0.36098145950486,0.557325803577234,0.602994958118319,0.173134085603654,0.763480931822761,0.320898687831912,0.37756454382245,0.219242561335701,0.557602491966402
"LA60_laurina",0.225360626019437,0.409434498647716,0.390686086235767,0.137368720007744,0.194659668327612,0.118122803937298,0.0829003293287142,0.745176940561194,0.193931482438433,0.172441624777425,0.174372542874486,0.246182282523996,0.0927651261282344,0.249200456902066,0.296673626411761,0.263704203179112,0.319956449751574,0.605708490655579,0.413444673934509,0.278058684056475,0.439714703402414,0.295605641934577,0.245365482264036,0.226656762005326,0.190338466857415,0.105619981328032,0.190654537008307,0.0709517354537935,0.113904400593562,0.202019824649668,0.275490007119332,0.301166122588887,0.10597355421155,0.320898687831912,0.923923516611076,0.202982949580228,0.144843043172254,0.256741681390956
"LA7_leiocalycina",0.433598528101503,0.243700685748029,0.277602937624364,0.128936368348426,0.211164302288471,0.194401771955938,0.106200642347032,0.214478839880443,0.347089445743208,0.399001086778209,0.263480705735773,0.138638122850681,0.111044273358321,0.315619537653595,0.309003317930102,0.0742901698476049,0.36431422567387,0.31586440456788,0.246317206120829,0.371448523127607,0.267832770722972,0.36457862168209,0.316789390839165,0.614681494946399,0.460031320585874,0.147127260721278,0.440403721294464,0.0840785114249672,0.156773969359391,0.450076156971657,0.33489666046606,0.328570461608672,0.116567010923187,0.37756454382245,0.202982949580228,0.743707634903223,0.117131350623749,0.347409499283512
"LA8_auristellae",0.157007269260004,0.125809243959783,0.123219475461742,0.267944392289931,0.111250705396663,0.613329050978168,0.331100760567342,0.133789029938957,0.115687213844234,0.107917205860237,0.227830966940054,0.242798513305465,0.592860262640402,0.21318324027574,0.216453276395105,0.0716797339726788,0.220844743768019,0.154461397302424,0.130127882050937,0.129929356472967,0.134224692357413,0.180193751621331,0.175379185717372,0.131857009187982,0.123140598087517,0.397847022863393,0.107241589948275,0.098909462924015,0.568644212170852,0.113376940665233,0.196867011390338,0.248663107897724,0.255303725369214,0.219242561335701,0.144843043172254,0.117131350623749,0.867196036175751,0.195712795879205
"LA9_poeppigiana",0.348856541252906,0.200520614456773,0.345236799290128,0.218391100176197,0.234055308310288,0.137843617084209,0.104403379986891,0.269949478963129,0.288545021590004,0.301546127342513,0.201325665592349,0.198343877427547,0.140826767643741,0.499752751627373,0.569159062689861,0.0720865992229528,0.568904457367396,0.328675094005326,0.302323005566478,0.284758316112732,0.327066672303764,0.457928732792434,0.477065231853349,0.343493737410206,0.32676610170058,0.128612093187125,0.27580221812552,0.0884159310669211,0.137476106066463,0.36386476961267,0.514577407139313,0.596672676617836,0.160298707142968,0.557602491966402,0.256741681390956,0.347409499283512,0.195712795879205,0.790511499718121
